512
0 128
0 134
0 156
0 198
1 129
1 163
1 185
1 190
2 130
2 150
2 154
2 236
3 131
3 135
3 136
3 151
4 132
4 134
4 183
4 187
5 133
5 178
5 184
5 235
6 129
6 134
6 199
6 242
7 135
7 168
7 215
7 236
8 136
8 167
8 183
8 199
9 137
9 151
9 154
9 214
10 138
10 152
10 219
10 225
11 139
11 195
11 216
11 245
12 140
12 148
12 159
12 224
13 141
13 177
13 203
13 220
14 139
14 142
14 145
14 186
15 143
15 148
15 187
15 202
16 144
16 153
16 199
16 225
17 145
17 169
17 221
17 244
18 146
18 181
18 218
18 222
19 146
19 147
19 171
19 196
20 148
20 169
20 190
20 246
21 149
21 184
21 197
21 225
22 142
22 150
22 186
22 211
23 136
23 151
23 208
23 230
24 144
24 152
24 182
24 196
25 153
25 182
25 208
25 255
26 154
26 164
26 229
26 245
27 155
27 163
27 191
27 195
28 156
28 195
28 230
28 237
29 157
29 163
29 184
29 220
30 140
30 151
30 158
30 254
31 156
31 159
31 167
31 168
32 144
32 160
32 226
32 236
33 161
33 192
33 225
33 247
34 130
34 157
34 162
34 196
35 156
35 163
35 203
35 215
36 164
36 168
36 239
36 244
37 128
37 165
37 173
37 195
38 155
38 166
38 178
38 204
39 128
39 167
39 169
39 223
40 132
40 168
40 210
40 253
41 156
41 169
41 206
41 220
42 142
42 148
42 170
42 189
43 145
43 149
43 171
43 252
44 160
44 170
44 172
44 249
45 173
45 182
45 195
45 236
46 174
46 179
46 207
46 230
47 175
47 223
47 240
47 243
48 158
48 176
48 185
48 191
49 133
49 144
49 177
49 214
50 129
50 178
50 184
50 186
51 143
51 146
51 179
51 186
52 136
52 145
52 180
52 212
53 146
53 181
53 188
53 199
54 161
54 182
54 249
54 252
55 183
55 190
55 232
55 249
56 152
56 176
56 184
56 238
57 185
57 218
57 233
57 236
58 141
58 153
58 186
58 247
59 143
59 187
59 214
59 231
60 155
60 177
60 188
60 191
61 163
61 176
61 189
61 242
62 174
62 190
62 199
62 236
63 147
63 191
63 241
63 246
64 131
64 140
64 153
64 192
65 151
65 170
65 188
65 193
66 194
66 232
66 251
66 252
67 143
67 182
67 195
67 230
68 128
68 170
68 196
68 225
69 195
69 197
69 227
69 244
70 198
70 201
70 236
70 252
71 167
71 176
71 199
71 203
72 142
72 143
72 183
72 200
73 140
73 142
73 201
73 208
74 142
74 168
74 202
74 250
75 145
75 148
75 175
75 203
76 145
76 188
76 204
76 231
77 138
77 158
77 191
77 205
78 148
78 206
78 208
78 235
79 180
79 194
79 207
79 208
80 189
80 195
80 208
80 229
81 161
81 204
81 209
81 245
82 130
82 146
82 208
82 210
83 146
83 153
83 211
83 245
84 161
84 182
84 195
84 212
85 145
85 190
85 213
85 217
86 168
86 200
86 214
86 222
87 130
87 205
87 215
87 240
88 154
88 162
88 204
88 216
89 155
89 157
89 195
89 217
90 167
90 197
90 200
90 218
91 180
91 181
91 215
91 219
92 192
92 195
92 220
92 253
93 141
93 151
93 221
93 236
94 128
94 139
94 198
94 222
95 161
95 195
95 213
95 223
96 169
96 224
96 237
96 241
97 130
97 147
97 156
97 225
98 137
98 166
98 222
98 226
99 160
99 165
99 227
99 238
100 138
100 206
100 221
100 228
101 138
101 181
101 219
101 229
102 154
102 191
102 218
102 230
103 167
103 188
103 231
103 232
104 169
104 173
104 232
104 233
105 134
105 173
105 213
105 233
106 191
106 196
106 233
106 234
107 155
107 168
107 225
107 235
108 137
108 184
108 236
108 248
109 179
109 217
109 237
109 245
110 185
110 186
110 206
110 238
111 134
111 177
111 230
111 239
112 145
112 199
112 212
112 240
113 199
113 217
113 230
113 241
114 135
114 157
114 212
114 242
115 173
115 194
115 195
115 243
116 137
116 155
116 239
116 244
117 208
117 216
117 239
117 245
118 157
118 176
118 226
118 246
119 139
119 193
119 239
119 247
120 128
120 178
120 221
120 248
121 145
121 212
121 238
121 249
122 159
122 204
122 208
122 250
123 207
123 211
123 232
123 251
124 160
124 203
124 231
124 252
125 177
125 225
125 235
125 253
126 172
126 205
126 231
126 254
127 128
127 201
127 205
127 255