110 186
103 231
45 236
37 195
98 226
86 214
29 220
26 229
67 195
54 161
15 202
42 142
115 195
106 234
22 211
97 225
38 166
12 224
71 203
10 138
73 208
53 181
49 144
2 130
58 186
26 245
20 190
81 245
85 145
40 132
6 129
79 180
51 146
73 142
108 137
122 208
0 134
47 240
83 211
68 196
25 153
100 228
66 194
1 163
60 177
107 168
16 225
37 165
4 134
18 181
61 176
52 212
11 139
95 195
65 151
109 245
105 173
87 130
62 236
46 230
74 168
107 235
12 159
117 208
67 182
23 230
127 205
8 183
4 187
29 163
125 225
87 205
91 215
126 205
24 144
24 182
22 150
40 168
93 141
9 137
75 145
109 179
116 239
15 143
36 164
28 195
70 201
0 128
83 153
78 208
104 169
67 143
43 252
120 221
106 196
46 207
8 167
6 242
52 180
36 244
42 170
118 176
48 176
45 182
104 232
91 180
119 139
99 165
80 229
106 191
27 191
121 212
50 129
14 142
89 195
57 218
115 173
7 135
19 196
71 167
19 146
32 144
13 177
78 235
56 238
76 231
93 151
63 241
119 239
32 226
70 252
112 240
4 183
63 147
76 188
4 132
7 168
35 215
90 200
41 206
43 149
103 232
88 162
75 175
111 239
94 198
39 167
117 216
51 179
38 204
18 218
47 243
74 202
2 236
48 191
103 188
34 130
90 218
96 241
11 195
23 136
73 140
84 195
80 195
82 130
18 146
105 213
33 225
37 173
64 140
30 254
72 143
49 177
120 248
64 131
44 172
20 148
12 148
7 215
14 186
75 148
96 224
82 210
29 157
56 152
57 236
119 247
99 238
121 238
22 142
33 247
124 203
52 145
23 208
37 128
94 139
122 159
61 189
123 211
25 255
14 139
115 243
118 157
1 129
50 184
126 254
89 217
45 195
63 246
30 151
44 160
82 208
100 206
65 188
117 245
26 154
46 174
89 157
69 227
12 140
107 225
112 212
79 208
97 130
77 205
95 213
87 215
88 204
21 225
16 199
113 241
124 252
66 252
70 236
11 216
72 200
111 134
76 204
1 190
123 207
24 152
101 181
39 128
122 204
105 233
106 233
114 135
119 193
101 138
17 244
5 184
85 217
93 221
108 184
105 134
41 169
34 157
87 240
127 128
61 242
34 162
110 206
55 232
123 251
58 247
46 179
55 190
111 230
62 199
107 155
1 185
43 171
64 192
77 158
47 223
83 146
68 128
44 170
5 178
15 148
38 178
13 141
113 230
9 154
118 246
50 186
48 158
72 183
113 199
13 220
39 223
20 246
92 195
21 184
47 175
32 236
93 236
27 195
84 161
14 145
124 231
16 144
100 138
95 223
114 242
25 208
102 154
3 151
5 133
8 199
28 230
44 249
6 199
97 156
2 150
60 155
97 147
32 160
92 253
35 203
123 232
86 222
81 204
58 141
27 155
41 220
99 160
33 192
109 217
23 151
59 143
17 169
54 252
82 146
10 219
121 249
72 142
75 203
50 178
3 135
68 170
79 207
16 153
59 231
21 149
51 186
85 213
43 145
90 167
3 136
127 201
55 249
116 244
102 191
62 190
110 238
77 138
69 244
68 225
53 188
92 220
38 155
45 173
0 198
61 163
48 185
124 160
2 154
112 145
74 250
49 214
127 255
26 164
7 236
94 222
126 172
69 197
42 148
52 136
116 137
8 136
125 177
90 197
19 171
88 216
114 157
29 184
19 147
17 221
10 152
69 195
40 253
121 145
34 196
120 128
36 239
91 181
9 214
56 176
35 156
30 158
80 189
62 174
66 251
111 177
98 137
35 163
81 209
31 167
112 199
33 161
57 233
117 239
95 161
20 169
57 185
70 198
54 249
64 153
92 192
104 173
78 206
125 235
96 237
40 210
76 145
71 199
67 230
85 190
109 237
102 218
17 145
116 155
15 187
108 236
31 168
71 176
6 134
59 187
66 232
114 212
102 230
22 186
28 156
54 182
99 227
13 203
98 222
110 185
120 178
0 156
88 154
126 231
118 226
31 156
51 143
63 191
49 133
89 155
91 219
24 196
73 201
80 208
113 217
53 146
58 153
9 151
98 166
108 248
78 148
60 191
31 159
5 235
3 131
18 222
25 182
103 167
28 237
39 169
86 168
30 140
96 169
104 233
11 245
42 189
79 194
81 161
84 212
65 193
36 168
10 225
84 182
21 197
94 128
101 229
122 250
115 194
101 219
60 188
65 170
27 163
86 200
125 253
56 184
59 214
41 156
83 245
77 191
74 142
100 221
55 183
53 199